0.000000
1.000000
-0.000000
-0.153199
1.000000
3.922539
1.405891
1.000000
2.669846
0.153199
1.000000
1.110756
0.000000
1.000000
0.000000
-0.153199
1.000000
3.922539
0.153199
1.000000
1.110756
-1.405891
1.000000
2.363449
-0.626346
0.000000
-0.779545
-1.405891
-1.000000
2.363449
-1.405891
1.000000
2.363449
0.153199
1.000000
1.110756
-0.626346
0.000000
-0.779545
-1.405891
-1.000000
2.363449
0.153199
1.000000
1.110756
0.153199
-1.000000
1.110756
0.779545
0.000000
-0.626346
0.153199
-1.000000
1.110756
0.153199
1.000000
1.110756
1.405891
1.000000
2.669846
0.779545
0.000000
-0.626346
0.153199
-1.000000
1.110756
1.405891
1.000000
2.669846
1.405891
-1.000000
2.669846
0.000000
-1.000000
0.000000
1.405891
-1.000000
2.669846
-0.153199
-1.000000
3.922539
-1.405891
-1.000000
2.363449
0.000000
-1.000000
0.000000
1.405891
-1.000000
2.669846
-1.405891
-1.000000
2.363449
0.153199
-1.000000
1.110756
-0.779545
0.000000
0.626346
-0.153199
-1.000000
3.922539
-0.153199
1.000000
3.922539
-1.405891
1.000000
2.363449
-0.779545
0.000000
0.626346
-0.153199
-1.000000
3.922539
-1.405891
1.000000
2.363449
-1.405891
-1.000000
2.363449
0.626346
0.000000
0.779545
1.405891
-1.000000
2.669846
1.405891
1.000000
2.669846
-0.153199
1.000000
3.922539
0.626346
0.000000
0.779545
1.405891
-1.000000
2.669846
-0.153199
1.000000
3.922539
-0.153199
-1.000000
3.922539
